00000000000000000
00000000000000000
00000000000110011
00000000111010100
11111110111001101
00000000111101101
11111111100111110
00000001000001010
11111110010000111
00000000101011001
00000101100101000
11110000110000010
00010110010011000
11101111000011111
11111011111110110
00100001001100010
11001011011111100
00101110100111010
11110011101011111
11011101110111111
01000011111110100
10111011100101010
00100001111101101
00010010110001000
11000010000010011
01001010001111001
11001111001000101
00000000001000001
00110001010111100
10110110100010000
00111101010010110
11101110011010100
11011101101010011
01000101100100110
10111010110110111
00100010100100101
00010001111100011
11000011001111100
01001001100001101
11001111001000101
00000000001000001
00110001010111100
10110110100010000
00111101010010110
11101110011010100
11011101101010011
01000101100100110
10111010110110111
00100010100100101
00010001111100011
11000011001111100
01001001100001101
11001111001000101
00000000001000001
00110001010111100
10110110100010000
00111101010010110
11101110011010100
11011101101010011
01000101100100110
10111010110110111
00100010100100101
00010001111100011
11000011001111100
01001001100001101
11001111001000101
00000000001000001
00110001010111100
10110110100010000
00111101010010110
11101110011010100
11011101101010011
01000101100100110
10111010110110111
00100010100100101
00010001111100011
11000011001111100
01001001100001101
11001111001000101
00000000001000001
00110001010111100
10110110100010000
00111101010010110
11101110011010100
11011101101010011
01000101100100110
10111010110110111
00100010100100101
00010001111100011
11000011001111100
01001001100001101
11001111001000101
00000000001000001
00110001010111100
10110110100010000
00111101010010110
11101110011010100
11011101101010011
01000101100100110
10111010110110111
00100010100100101
00010001111100011
11000011001111100
01001001100001101
11001111001000101
00000000001000001
00110001010111100
10110110100010000
00111101010010110
11101110011010100
11011101101010011
01000101100100110
10111010110110111
00100010100100101
00010001111100011
11000011001111100
01001001100001101
11001111001000101
00000000001000001
00110001010111100
10110110100010000
00111101010010110
11101110011010100
11011101101010011
01000101100100110
10111010110110111
00100010100100101
00010001111100011
11000011001111100
01001001100001101
11001111001000101
00000000001000001
00110001010111100
10110110100010000
00111101010010110
11101110011010100
11011101101010011
01000101100100110
10111010110110111
00100010100100101
00010001111100011
11000011001111100
01001001100001101
11001111001000101
00000000001000001
00110001010111100
10110110100010000
00111101010010110
11101110011010100
11011101101010011
01000101100100110
10111010110110111
00100010100100101
00010001111100011
11000011001111100
01001001100001101
11001111001000101
00000000001000001
00110001010111100
10110110100010000
00111101010010110
11101110011010100
11011101101010011
01000101100100110
10111010110110111
00100010100100101
00010001111100011
11000011001111100
01001001100001101
11001111001000101
00000000001000001
00110001010111100
10110110100010000
00111101010010110
11101110011010100
11011101101010011
01000101100100110
10111010110110111
00100010100100101
00010001111100011
11000011001111100
01001001100001101
11001111001000101
00000000001000001
00110001010111100
10110110100010000
00111101010010110
11101110011010100
11011101101010011
01000101100100110
10111010110110111
00100010100100101
00010001111100011
11000011001111100
01001001100001101
11001111001000101
00000000001000001
00110001010111100
10110110100010000
00111101010010110
11101110011010100
11011101101010011
01000101100100110
10111010110110111
00100010100100101
00010001111100011
11000011001111100
01001001100001101
11001111001000101
00000000001000001
00110001010111100
10110110100010000
00111101010010110
11101110011010100
11011101101010011
01000101100100110
10111010110110111
00100010100100101
00010001111100011
11000011001111100
01001001100001101
11001111001000101
00000000001000001
00110001010111100
10110110100010000
00111101010010110
11101110011010100
11011101101010011
01000101100100110
10111010110110111
00100010100100101
00010001111100011
11000011001111100
01001001100001101
11001111001000101
00000000001000001
00110001010111100
10110110100010000
00111101010010110
11101110011010100
11011101101010011
01000101100100110
10111010110110111
00100010100100101
00010001111100011
11000011001111100
01001001100001101
11001111001000101
00000000001000001
00110001010111100
10110110100010000
00111101010010110
11101110011010100
11011101101010011
01000101100100110
10111010110110111
00100010100100101
00010001111100011
11000011001111100
01001001100001101
11001111001000101
00000000001000001
00110001010111100
10110110100010000
00111101010010110
11101110011010100
11011101101010011
01000101100100110
10111010110110111
00100010100100101
00010001111100011
11000011001111100
01001001100001101
11001111001000101
00000000001000001
00110001010111100
10110110100010000
00111101010010110
11101110011010100
11011101101010011
01000101100100110
10111010110110111
00100010100100101
00010001111100011
11000011001111100
01001001100001101
11001111001000101
00000000001000001
00110001010111100
10110110100010000
00111101010010110
11101110011010100
11011101101010011
01000101100100110
10111010110110111
00100010100100101
00010001111100011
11000011001111100
01001001100001101
11001111001000101
00000000001000001
00110001010111100
10110110100010000
00111101010010110
11101110011010100
11011101101010011
01000101100100110
10111010110110111
00100010100100101
00010001111100011
11000011001111100
01001001100001101
11001111001000101
00000000001000001
00110001010111100
10110110100010000
00111101010010110
11101110011010100
11011101101010011
01000101100100110
10111010110110111
00100010100100101
00010001111100011
11000011001111100
01001001100001101
11001111001000101
00000000001000001
00110001010111100
10110110100010000
00111101010010110
11101110011010100
11011101101010011
01000101100100110
10111010110110111
00100010100100101
00010001111100011
11000011001111100
01001001100001101
11001111001000101
00000000001000001
00110001010111100
10110110100010000
00111101010010110
11101110011010100
11011101101010011
01000101100100110
10111010110110111
00100010100100101
00010001111100011
11000011001111100
01001001100001101
11001111001000101
00000000001000001
00110001010111100
10110110100010000
00111101010010110
11101110011010100
11011101101010011
01000101100100110
10111010110110111
00100010100100101
00010001111100011
11000011001111100
01001001100001101
11001111001000101
00000000001000001
00110001010111100
10110110100010000
00111101010010110
11101110011010100
11011101101010011
01000101100100110
10111010110110111
00100010100100101
00010001111100011
11000011001111100
01001001100001101
11001111001000101
00000000001000001
00110001010111100
10110110100010000
00111101010010110
11101110011010100
11011101101010011
01000101100100110
10111010110110111
00100010100100101
00010001111100011
11000011001111100
01001001100001101
11001111001000101
00000000001000001
00110001010111100
10110110100010000
00111101010010110
11101110011010100
11011101101010011
01000101100100110
10111010110110111
00100010100100101
00010001111100011
11000011001111100
01001001100001101
11001111001000101
00000000001000001
00110001010111100
10110110100010000
00111101010010110
11101110011010100
11011101101010011
01000101100100110
10111010110110111
00100010100100101
00010001111100011
11000011001111100
01001001100001101
11001111001000101
00000000001000001
00110001010111100
10110110100010000
00111101010010110
11101110011010100
11011101101010011
01000101100100110
10111010110110111
00100010100100101
00010001111100011
11000011001111100
01001001100001101
11001111001000101
00000000001000001
00110001010111100
10110110100010000
00111101010010110
11101110011010100
11011101101010011
01000101100100110
10111010110110111
00100010100100101
00010001111100011
11000011001111100
01001001100001101
11001111001000101
00000000001000001
00110001010111100
10110110100010000
00111101010010110
11101110011010100
11011101101010011
01000101100100110
10111010110110111
00100010100100101
00010001111100011
11000011001111100
01001001100001101
11001111001000101
00000000001000001
00110001010111100
10110110100010000
00111101010010110
11101110011010100
11011101101010011
01000101100100110
10111010110110111
00100010100100101
00010001111100011
11000011001111100
01001001100001101
11001111001000101
00000000001000001
00110001010111100
10110110100010000
00111101010010110
11101110011010100
11011101101010011
01000101100100110
10111010110110111
00100010100100101
00010001111100011
11000011001111100
01001001100001101
11001111001000101
00000000001000001
00110001010111100
10110110100010000
00111101010010110
11101110011010100
11011101101010011
01000101100100110
10111010110110111
00100010100100101
00010001111100011
11000011001111100
01001001100001101
11001111001000101
00000000001000001
00110001010111100
10110110100010000
00111101010010110
11101110011010100
11011101101010011
01000101100100110
10111010110110111
00100010100100101
00010001111100011
11000011001111100
01001001100001101
11001111001000101
00000000001000001
00110001010111100
10110110100010000
00111101010010110
11101110011010100
11011101101010011
01000101100100110
10111010110110111
00100010100100101
00010001111100011
11000011001111100
01001001100001101
11001111001000101
00000000001000001
00110001010111100
10110110100010000
00111101010010110
11101110011010100
11011101101010011
01000101100100110
10111010110110111
00100010100100101
00010001111100011
11000011001111100
01001001100001101
11001111001000101
00000000001000001
00110001010111100
10110110100010000
00111101010010110
11101110011010100
11011101101010011
01000101100100110
10111010110110111
00100010100100101
00010001111100011
11000011001111100
01001001100001101
11001111001000101
00000000001000001
00110001010111100
10110110100010000
00111101010010110
11101110011010100
11011101101010011
01000101100100110
10111010110110111
00100010100100101
00010001111100011
11000011001111100
01001001100001101
11001111001000101
00000000001000001
00110001010111100
10110110100010000
00111101010010110
11101110011010100
11011101101010011
01000101100100110
10111010110110111
00100010100100101
00010001111100011
11000011001111100
01001001100001101
11001111001000101
00000000001000001
00110001010111100
10110110100010000
00111101010010110
11101110011010100
11011101101010011
01000101100100110
10111010110110111
00100010100100101
00010001111100011
11000011001111100
01001001100001101
11001111001000101
00000000001000001
00110001010111100
10110110100010000
00111101010010110
11101110011010100
11011101101010011
01000101100100110
10111010110110111
00100010100100101
00010001111100011
11000011001111100
01001001100001101
11001111001000101
00000000001000001
00110001010111100
10110110100010000
00111101010010110
11101110011010100
11011101101010011
01000101100100110
10111010110110111
00100010100100101
00010001111100011
11000011001111100
01001001100001101
11001111001000101
00000000001000001
00110001010111100
10110110100010000
00111101010010110
11101110011010100
11011101101010011
01000101100100110
10111010110110111
00100010100100101
00010001111100011
11000011001111100
01001001100001101
11001111001000101
00000000001000001
00110001010111100
10110110100010000
00111101010010110
11101110011010100
11011101101010011
01000101100100110
10111010110110111
00100010100100101
00010001111100011
11000011001111100
01001001100001101
11001111001000101
00000000001000001
00110001010111100
10110110100010000
00111101010010110
11101110011010100
11011101101010011
01000101100100110
10111010110110111
00100010100100101
00010001111100011
11000011001111100
01001001100001101
11001111001000101
00000000001000001
00110001010111100
10110110100010000
00111101010010110
11101110011010100
11011101101010011
01000101100100110
10111010110110111
00100010100100101
00010001111100011
11000011001111100
01001001100001101
11001111001000101
00000000001000001
00110001010111100
10110110100010000
00111101010010110
11101110011010100
11011101101010011
01000101100100110
10111010110110111
00100010100100101
00010001111100011
11000011001111100
01001001100001101
11001111001000101
00000000001000001
00110001010111100
10110110100010000
00111101010010110
11101110011010100
11011101101010011
01000101100100110
10111010110110111
00100010100100101
00010001111100011
11000011001111100
01001001100001101
11001111001000101
00000000001000001
00110001010111100
10110110100010000
00111101010010110
11101110011010100
11011101101010011
01000101100100110
10111010110110111
00100010100100101
00010001111100011
11000011001111100
01001001100001101
11001111001000101
00000000001000001
00110001010111100
10110110100010000
00111101010010110
11101110011010100
11011101101010011
01000101100100110
10111010110110111
00100010100100101
00010001111100011
11000011001111100
01001001100001101
11001111001000101
00000000001000001
00110001010111100
10110110100010000
00111101010010110
11101110011010100
11011101101010011
01000101100100110
10111010110110111
00100010100100101
00010001111100011
11000011001111100
01001001100001101
11001111001000101
00000000001000001
00110001010111100
10110110100010000
00111101010010110
11101110011010100
11011101101010011
01000101100100110
10111010110110111
00100010100100101
00010001111100011
11000011001111100
01001001100001101
11001111001000101
00000000001000001
00110001010111100
10110110100010000
00111101010010110
11101110011010100
11011101101010011
01000101100100110
10111010110110111
00100010100100101
00010001111100011
11000011001111100
01001001100001101
11001111001000101
00000000001000001
00110001010111100
10110110100010000
00111101010010110
11101110011010100
11011101101010011
01000101100100110
10111010110110111
00100010100100101
00010001111100011
11000011001111100
01001001100001101
11001111001000101
00000000001000001
00110001010111100
10110110100010000
00111101010010110
11101110011010100
11011101101010011
01000101100100110
10111010110110111
00100010100100101
00010001111100011
11000011001111100
01001001100001101
11001111001000101
00000000001000001
00110001010111100
10110110100010000
00111101010010110
11101110011010100
11011101101010011
01000101100100110
10111010110110111
00100010100100101
00010001111100011
11000011001111100
01001001100001101
11001111001000101
00000000001000001
00110001010111100
10110110100010000
00111101010010110
11101110011010100
11011101101010011
01000101100100110
10111010110110111
00100010100100101
00010001111100011
11000011001111100
01001001100001101
11001111001000101
00000000001000001
00110001010111100
10110110100010000
00111101010010110
11101110011010100
11011101101010011
01000101100100110
10111010110110111
00100010100100101
00010001111100011
11000011001111100
01001001100001101
11001111001000101
00000000001000001
00110001010111100
10110110100010000
00111101010010110
11101110011010100
11011101101010011
01000101100100110
10111010110110111
00100010100100101
00010001111100011
11000011001111100
01001001100001101
11001111001000101
00000000001000001
00110001010111100
10110110100010000
00111101010010110
11101110011010100
11011101101010011
01000101100100110
10111010110110111
00100010100100101
00010001111100011
11000011001111100
01001001100001101
11001111001000101
00000000001000001
00110001010111100
10110110100010000
00111101010010110
11101110011010100
11011101101010011
01000101100100110
10111010110110111
00100010100100101
00010001111100011
11000011001111100
01001001100001101
11001111001000101
00000000001000001
00110001010111100
10110110100010000
00111101010010110
11101110011010100
11011101101010011
01000101100100110
10111010110110111
00100010100100101
00010001111100011
11000011001111100
01001001100001101
11001111001000101
00000000001000001
00110001010111100
10110110100010000
00111101010010110
11101110011010100
11011101101010011
01000101100100110
10111010110110111
00100010100100101
00010001111100011
11000011001111100
01001001100001101
11001111001000101
00000000001000001
00110001010111100
10110110100010000
00111101010010110
11101110011010100
11011101101010011
01000101100100110
10111010110110111
00100010100100101
00010001111100011
11000011001111100
01001001100001101
11001111001000101
00000000001000001
00110001010111100
10110110100010000
00111101010010110
11101110011010100
11011101101010011
01000101100100110
10111010110110111
00100010100100101
00010001111100011
11000011001111100
01001001100001101
11001111001000101
00000000001000001
00110001010111100
10110110100010000
00111101010010110
11101110011010100
11011101101010011
01000101100100110
10111010110110111
00100010100100101
00010001111100011
11000011001111100
01001001100001101
11001111001000101
00000000001000001
00110001010111100
10110110100010000
00111101010010110
11101110011010100
11011101101010011
01000101100100110
10111010110110111
00100010100100101
00010001111100011
11000011001111100
01001001100001101
11001111001000101
00000000001000001
00110001010111100
10110110100010000
00111101010010110
11101110011010100
11011101101010011
01000101100100110
10111010110110111
00100010100100101
00010001111100011
11000011001111100
01001001100001101
11001111001000101
00000000001000001
00110001010111100
10110110100010000
00111101010010110
11101110011010100
11011101101010011
01000101100100110
10111010110110111
00100010100100101
00010001111100011
11000011001111100
01001001100001101
11001111001000101
00000000001000001
00110001010111100
10110110100010000
00111101010010110
11101110011010100
11011101101010011
01000101100100110
10111010110110111
00100010100100101
00010001111100011
11000011001111100
01001001100001101
11001111001000101
00000000001000001
00110001010111100
10110110100010000
00111101010010110
11101110011010100
11011101101010011
01000101100100110
10111010110110111
00100010100100101
00010001111100011
11000011001111100
01001001100001101
11001111001000101
00000000001000001
00110001010111100
10110110100010000
00111101010010110
11101110011010100
11011101101010011
01000101100100110
10111010110110111
00100010100100101
00010001111100011
