0.019119434314580546763195911807997617871
0.000522348584966646472399487421967023693
-0.001390744451448978642044140840994259634
-0.008875957710381028598067842949603800662
0.024221608661329011025209467788954498246
-0.018350831904580644504676456563174724579
-0.030843446927072432767191756397551216651
0.107325009081560410195699262203561374918
-0.152761282106757600995905477248015813529
0.10912620909730204321608226791795459576 
0.023677598956238311844746391443550237454
-0.171583488754170510048879805253818631172
0.235953663106262423454495547048281878233
-0.171583488754170510048879805253818631172
0.023677598956238311844746391443550237454
0.10912620909730204321608226791795459576 
-0.152761282106757600995905477248015813529
0.107325009081560410195699262203561374918
-0.030843446927072432767191756397551216651
-0.018350831904580644504676456563174724579
0.024221608661329011025209467788954498246
-0.008875957710381028598067842949603800662
-0.001390744451448978642044140840994259634
0.000522348584966646472399487421967023693
0.019119434314580546763195911807997617871
