0110001100
0111111110
0110011010
1000001010
1001111100
0111010000
1101001100
0100111110
1110011100
0010110000
0010111010
1000101110
0101100100
0101101000
1011111100
0001111010
1000101110
0111000010
1111111110
1001001000
0001110000
1010100000
1010100010
1111010000
1111001100
0111110100
0001010010
0001111000
0110110000
0111110010
1011001110
0111010110
0111011110
0101000010
1111101010
1101110010
0001000110
1100001010
1100011010
1101101010
0011100000
0100111100
1001011000
0000100000
0110011010
1101110010
0011011110
1011001010
0111000010
0001000110
1010111000
0110010100
1110011100
0010011010
1101000010
1001101010
1011110100
1111001100
1100100000
0000001000
1011011000
1000100000
0001100100
0100000100
1100100000
1110101110
1111101100
1111010000
1101001010
1001010010
0010000100
1110011010
0100001000
0110101000
1110011100
1001111000
1110111010
0101100100
1000101000
1010001100
1111110110
0011001110
0010100000
1001011010
0010111100
1010110000
1111111110
1101111000
0011010010
1111001100
1100000100
0001001010
1101011010
0001100010
1101010010
0101111000
0110011110
0111000100
1010101100
1011110110
1110010110
1011111100
0101010000
0011100000
0011000100
1001000100
0010011100
0010100010
1011010110
0111001000
1111101000
1010000000
1000001000
1100111110
0011000100
1100101110
0101011110
0101011000
1100100110
0100011010
0110101000
0110000010
1011111010
0100101100
0001110010
0000010100
0000010010
1001111110
0101010100
1101101110
0000101100
1100001100
1010110000
1001111100
0000010000
0110000110
1111111010
1001010010
0110100100
1100001110
1101010100
1001011110
0110011010
0110001100
0001010100
0010000110
0000000100
1111011010
0111111000
0011100010
1010101010
0010010110
0101001110
1100000100
0111010110
1001111010
0000011010
1101100100
0011111000
0010110110
1000011000
1111010100
0010011010
1011101010
0010100000
0100011100
1100111110
1010110010
0101111110
0100110000
0111100100
0001111100
1110111110
0000000100
0110010010
1011010010
1011101110
0000110110
0110110000
1001111100
0110011110
1011010000
0110101010
1110011010
1000010010
0111011110
0111000100
1101100110
1101011010
0011001100
0011110010
1000001010
0010110000
0001010110
0110100100
0011011000
1101011000
1101100100
0000101100
0000010000
1101111000
0011000100
0010000000
0000011100
0000011100
0011000000
1101011000
1101010100
0010011100
1101000000
1111111000
0001101000
1101110100
0000011100
0010001100
1111001000
0011000100
0010101100
1101101100
1100011100
1110100100
1101001100
0011110000
1101011100
1100111100
1100101000
0011110000
0001111000
1110100100
1111010000
1110100100
1101000000
0010000000
1111110100
0000101000
1111011000
0000100100
0001011100
1101000000
1111111000
1110000000
0000011100
0011011000
0001111100
1111010100
1111110000
1111011100
0000100000
1110101100
1111000100
0000011000
0011111100
1100111100
0010010000
1100011000
1110101100
0000110000
0010010000
0001110000
0001000000
1101100000
0000110100
0010000000
1110010100
1101011000
0001110100
0000110000
1101100000
0000101000
0011011100
1111001100
0001110100
1110100100
0011100100
0001101100
1100010000
0001011000
0000110000
0010011000
1101111000
1101100000
0011010000
0010000000
0000011100
0001101100
0000000000
1111110000
1110100100
0001100100
0010110100
0000110100
0001100100
1110111100
0010111000
1110000000
0001100000
1111100000
0001110000
1111001100
1100010000
0000111100
0001001100
1100100100
0000000000
0011100000
0001111000
0010111100
0010111100
1101111000
0010101100
0011001000
1100100100
0011011000
1100010100
1111111100
0011110000
1101110100
0001010100
0001001000
0001101000
1101000100
0000000000
1100101100
0011100000
1111001100
0001111100
0000001000
1110011000
0011000000
1100101000
0011010100
0000100000
0000110100
0001000100
0000011100
0000110000
1101001100
0010100100
1111110000
1110101100
0000101000
0011110100
0000011100
0011101000
1100111100
1110010100
0000010000
1110011000
1101100000
1100010100
0000110100
1101110100
1101111000
0001010100
1101010000
0001011000
0011111000
0001101000
1101111100
1100011100
0001101100
0010111000
0011110100
0011000000
1100011100
0000011100
0011011100
1111010100
0000110100
0001011100
1101111000
1111101000
0011001000
0000101100
1100011100
0001011000
0010000000
1101100100
0010110100
0010111100
0000001000
1110110100
1111001100
0000000000
0000000100
1110011100
0001101000
0010011100
1100111000
0000000100
1111010100
1110000000
1110010000
0010101100
0000100000
1101110000
1100001100
1110011000
1111000100
1100101000
1000110110
1011010000
0001110110
0000111010
1100000110
0111111000
1110111000
1001100100
0001010100
0011101110
1010000100
0001000000
0110101100
0101100110
0111000010
1010101110
0010100010
1001111110
1010100010
0000100110
0100111110
1111011010
1100010100
0001110010
1110100010
0100001000
0000110100
0010111010
1011100000
0111011100
0010101000
0010001000
1111111110
0001101110
0101000100
1110101010
0011010000
1001111000
0001100110
1010010010
1110110000
0001001110
0101100010
1001111000
1111011110
1000100100
0011111100
1101011010
0110101100
0001000100
0101110110
1101010100
1110000010
0011011100
1001111100
1100100110
1110000110
0111110000
1011001110
0001010100
0000100000
1001111100
0110011010
1011000100
0100110010
0110010000
0010011110
0010110100
1110000100
1101000100
0110111110
0010011010
1010111000
0111111110
1110010100
1001110000
1110111000
1110010110
1010101000
0111110000
0011111010
1111011000
1000010000
1110001000
1010010000
0010110000
0101001000
0011111100
0001101010
0000111000
1001011100
1101111000
1100110010
0111000010
1100000100
1010111110
1010111110
0101011110
0001000010
0010000010
1101100010
0001101000
1000100010
1110010010
1111011010
1110010010
1111100100
0110100100
1100110000
0100010100
0111001000
0101000110
0111101000
1000100000
1011011110
1101000000
0101000100
0111000110
0101100110
0000111110
1101000110
0010001010
1111110100
0110111000
0100110010
1101101010
0000000100
1000001100
1000101010
1110001100
0100010010
1111111100
0011011100
0111000110
1011111110
0011100100
1010011000
1100101100
0110101110
0101011110
0110011110
0111010000
0100111100
1001000010
0001100010
0100100100
0100010000
1110110100
1101111010
0101111000
1000111010
1110011110
1001010100
1011110010
1100011010
1001101010
0110010100
1100001010
1101110000
0001000110
0010010110
0011000110
0010010000
1001110000
1110001100
0001011000
1101111010
1010110000
0101000000
1000010100
1001011000
0010011010
0110100110
0010000000
0100000100
1110101100
1111101000
1011100110
1000010110
1111110000
0011101100
0010101000
1010100000
1100100100
1111111100
0000111010
1101100000
1111000010
0001001000
1101000100
1010101010
1100100110
0000000010
1001100100
1000111110
1010111000
1010001110
0011010010
1001000010
0100111010
1111100000
1110100000
0000100000
1111111000
1111100000
0000010000
0000111000
1111101000
0000110000
1110011000
0000000000
0001111000
0001101000
0000101000
1111101000
0001010000
1111110000
1111111000
0001111000
1111010000
0001011000
0000101000
0000010000
1111111000
0000110000
1111110000
0000000000
0001010000
0000011000
0000000000
1111110000
0000000000
1110110000
1110001000
0000100000
1110100000
0001110000
1110010000
1110101000
0001000000
1111101000
1111000000
1111001000
1110111000
0000111000
0000101000
1111101000
1111110000
0001100000
1111000000
1111110000
1111000000
0000011000
1110010000
1111101000
0001111000
1110111000
1110100000
0001011000
0001101000
1111001000
1111110000
0000011000
0000010000
1111001000
0000000000
1111010000
0001100000
1110110000
0001101000
1111000000
1111110000
0000010000
1111100000
1110010000
0000000000
0001110000
0001011000
0000111000
0000010000
1111000000
0000001000
0000011000
0000111000
1111110000
0000001000
1110011000
0000010000
1111011000
1110010000
0000100000
1110110000
1110110000
0000001000
1111000000
1110110000
1110111000
1110101000
1110011000
0000010000
1111111000
1111000000
0000000000
1110011000
0001100000
1110011000
1111001000
0000010000
0000010000
1111010000
1111100000
0000110000
1110100000
0000000000
0000110000
1110101000
0000001000
0001000000
1110111000
0001010000
0001110000
1110010000
0001011000
1110110000
0001011000
1110001000
1110001000
1111011000
0000100000
0000111000
0001011000
0001111000
1110111000
1111101000
1110011000
0000000000
1110001000
0001100000
0000101000
1111111000
1110001000
1110100000
0001011000
0001110000
1111000000
1111010000
0000010000
0000101000
1110101000
0000100000
0001011000
1110010000
1111111000
0001100000
1110001000
0000000000
0000001000
0001000000
1110001000
0001001000
1111101000
0000100000
0000111000
1110001000
1110011000
1110111000
1110110000
1110010000
0000111000
1111011000
0001101000
1111010000
1110010000
0001110000
1110100000
1110001000
0001011000
0001000000
0001001000
1110101000
1111110000
1111110000
1111001000
0000000000
0001110000
1111101000
0001101000
0001101000
0001111000
0000110000
0001100000
1110110000
1111101000
0001111000
1111000000
0000010000
0001101000
0001011000
0001000000
1111001000
0011110000
0011100011
0010100111
0000101010
0010011001
1110010011
0010001111
0010111011
1111110111
1100110110
0010001001
0010001110
0010000000
0011101110
1110001010
1100100110
0011001011
0011110001
1110001111
0000010100
1111100101
0000111001
1101100100
1100001101
1100000111
1111111111
1110010111
0011011000
0010101011
0001110101
0000010001
1111001001
1111110110
1110010000
0000010001
0010001001
0011111011
1110100010
0000100110
0011101010
0001001101
0000101000
0001110000
0001010110
0011011001
1100001001
0001001101
1110101110
1101010000
1101010011
0011100010
0000110011
0010001110
0010010000
1111111000
1111011011
1110001111
1110110100
0011110100
0010011000
1111000001
0001100110
1110010100
1111111010
0000011011
0011010110
1111011011
0011110001
1101100000
1100100001
0001110000
0011111111
1110100100
1110101010
0000010111
1111101011
0010101101
1100011100
0001101100
0011111010
1111000001
0000100000
0001110101
1110011001
1101010001
0000101011
0000101100
0001101111
1101110000
0010001100
0010011110
0010011111
1100111001
1111001111
0001111111
1111101100
0000001000
0000110100
1110011010
1100010010
1101010101
1111111111
1101000010
1101000000
1100010111
0000001100
1111101010
0010111001
1111111101
1101101011
0000111000
1100000100
1110010101
0000010010
1101000101
0000101111
1110110100
0010010100
1101010010
1100001000
0010100010
1101111001
0000100110
0011110011
0010101011
0001111010
1101010000
0001010100
1100001001
1101010101
0010010010
0000001011
1110010100
1111000110
0011010001
0001000011
1101111001
1110110010
0011110100
0011010111
0000010000
1101010011
1111101001
0001101010
0010000101
0011001001
0001010001
1110111010
1111100011
1100110101
1101100001
0010101001
1111011111
1110111010
0011010001
0011010101
1101000010
0011100100
0011101111
1110000100
1101011001
0001111111
0010010011
1110010001
0011100100
1111100110
0011001100
0001100000
0000110010
0010011111
0010111110
0001000001
0000001100
0000110101
0000010001
0000111011
0010100001
1100011000
1101110100
0000000101
0001000001
1111101000
0000111011
0011110011
1101111111
0000100101
0001010111
1111101101
1110101111
0000001111
0000000011
0001000000
0010101010
0010101001
1111100001
1110001111
1110001111
0010010001
0011101001
0000110100
